2020-06-02-00-21/tables/full_table.dat
# %ECSV 0.9
# ---
# datatype:
# - name: gaia_designation
#   datatype: object
#   description: Unique source designation (unique across all Data Releases)
#   meta: !!omap
#   - ucd: meta.id;meta.main
# - name: gaia_ra
#   unit: deg
#   datatype: float64
#   format: '{!r:>}'
#   description: Right ascension
#   meta: !!omap
#   - ucd: pos.eq.ra;meta.main
#   - utype: Char.SpatialAxis.Coverage.Location.Coord.Position2D.Value2.C1
# - name: gaia_dec
#   unit: deg
#   datatype: float64
#   format: '{!r:>}'
#   description: Declination
#   meta: !!omap
#   - ucd: pos.eq.dec;meta.main
#   - utype: Char.SpatialAxis.Coverage.Location.Coord.Position2D.Value2.C2
# - name: ra_error
#   unit: mas
#   datatype: float64
#   format: '{!r:>}'
#   description: Standard error of right ascension
#   meta: !!omap
#   - ucd: stat.error;pos.eq.ra
# - name: dec_error
#   unit: mas
#   datatype: float64
#   format: '{!r:>}'
#   description: Standard error of declination
#   meta: !!omap
#   - ucd: stat.error;pos.eq.dec
# - name: parallax
#   unit: mas
#   datatype: float64
#   format: '{!r:>}'
#   description: Parallax
#   meta: !!omap
#   - ucd: pos.parallax
# - name: parallax_error
#   unit: mas
#   datatype: float64
#   format: '{!r:>}'
#   description: Standard error of parallax
#   meta: !!omap
#   - ucd: stat.error;pos.parallax
# - name: pmra
#   unit: mas / yr
#   datatype: float64
#   format: '{!r:>}'
#   description: Proper motion in right ascension direction
#   meta: !!omap
#   - ucd: pos.pm;pos.eq.ra
# - name: pmra_error
#   unit: mas / yr
#   datatype: float64
#   format: '{!r:>}'
#   description: Standard error of proper motion in right ascension direction
#   meta: !!omap
#   - ucd: stat.error;pos.pm;pos.eq.ra
# - name: pmdec
#   unit: mas / yr
#   datatype: float64
#   format: '{!r:>}'
#   description: Proper motion in declination direction
#   meta: !!omap
#   - ucd: pos.pm;pos.eq.dec
# - name: pmdec_error
#   unit: mas / yr
#   datatype: float64
#   format: '{!r:>}'
#   description: Standard error of proper motion in declination direction
#   meta: !!omap
#   - ucd: stat.error;pos.pm;pos.eq.dec
# - name: phot_g_mean_mag
#   unit: mag
#   datatype: float32
#   format: '{!r:>}'
#   description: G-band mean magnitude
#   meta: !!omap
#   - ucd: phot.mag;stat.mean;em.opt
# - name: bp_rp
#   unit: mag
#   datatype: float32
#   format: '{!r:>}'
#   description: BP - RP colour
#   meta: !!omap
#   - ucd: phot.color
# - name: bp_g
#   unit: mag
#   datatype: float32
#   format: '{!r:>}'
#   description: BP - G colour
#   meta: !!omap
#   - ucd: phot.color
# - name: g_rp
#   unit: mag
#   datatype: float32
#   format: '{!r:>}'
#   description: G - RP colour
#   meta: !!omap
#   - ucd: phot.color
# - name: phot_g_n_obs
#   datatype: int32
#   description: Number of observations contributing to G photometry
#   meta: !!omap
#   - ucd: meta.number
# - name: phot_g_mean_flux_over_error
#   datatype: float32
#   format: '{!r:>}'
#   description: G-band mean flux divided by its error
#   meta: !!omap
#   - ucd: arith.ratio
# - name: phot_g_mean_flux_error
#   unit: electron / s
#   datatype: float64
#   format: '{!r:>}'
#   description: Error on G-band mean flux
#   meta: !!omap
#   - ucd: stat.error;phot.flux;stat.mean;em.opt
# - name: phot_g_mean_flux
#   unit: electron / s
[...]
#   description: instrumental profile-fit photometry flux uncertainty in mag units,
#     band 2
#   meta: !!omap
#   - width: 5
#   - precision: '3'
# - name: w3sigmpro
#   unit: mag
#   datatype: float64
#   format: '{:5.3f}'
#   description: instrumental profile-fit photometry flux uncertainty in mag units,
#     band 3
#   meta: !!omap
#   - width: 5
#   - precision: '3'
# - name: w4sigmpro
#   unit: mag
#   datatype: float64
#   format: '{:5.3f}'
#   description: instrumental profile-fit photometry flux uncertainty in mag units,
#     band 4
#   meta: !!omap
#   - width: 5
#   - precision: '3'
# - name: w4snr
#   datatype: float64
#   format: '{:8.1f}'
#   description: instrumental profile-fit photometry S/N ratio, band 4
#   meta: !!omap
#   - width: 8
#   - precision: '1'
# - name: variability
#   unit: (n_obs / mag)^0.5
#   datatype: float64
#   description: Number of observations contributing to G photometry
#   meta: !!omap
#   - ucd: meta.number
# - name: radial_distance
#   unit: pc
#   datatype: float64
#   format: '{!r:>}'
#   description: Parallax
#   meta: !!omap
#   - ucd: pos.parallax
# schema: astropy-2.0
gaia_designation gaia_ra gaia_dec ra_error dec_error parallax parallax_error pmra pmra_error pmdec pmdec_error phot_g_mean_mag bp_rp bp_g g_rp phot_g_n_obs phot_g_mean_flux_over_error phot_g_mean_flux_error phot_g_mean_flux phot_bp_mean_mag phot_rp_mean_mag 2mass_designation 2mass_ra 2mass_dec err_maj err_min j_m h_m k_m j_cmsig h_cmsig k_cmsig k_snr allwise_designation allwise_ra allwise_dec sigra sigdec w1mpro w2mpro w3mpro w4mpro w1sigmpro w2sigmpro w3sigmpro w4sigmpro w4snr variability radial_distance
[from data line 34]
"Gaia DR2 2059895834484462208" 301.26903105792906 36.47615009398434 0.31784553137786575 0.3731252605724005 -0.06309424102205119 0.4293831987536141 -0.6106916274293486 0.726417177293255 -7.833164275235222 0.865856163334252 19.969816 1.4940681 0.41788292 1.0761852 263 245.56216 0.7893299662880303 193.8295734137416 20.3877 18.893631 "" "" "" "" "" "" "" "" "" "" "" "" "" "" "" "" "" "" "" "" "" "" "" "" "" "" 1.0348970477006916 -15849.307065132996
"Gaia DR2 2059895834484464896" 301.2713014037818 36.479875595612434 0.48336496905358883 0.7027281029491271 0.6009383726471451 0.7111439370381756 -3.68333567287537 1.0394636332296683 -6.473372319651631 1.864299623842213 20.411467 2.3009224 0.43566513 1.8652573 237 143.1258 0.9016570910603997 129.05039248807861 20.847132 18.54621 "" "" "" "" "" "" "" "" "" "" "" "" "" "" "" "" "" "" "" "" "" "" "" "" "" "" 1.2868123470802022 1664.0641462035128
"Gaia DR2 2059895765769424512" 301.2728398769884 36.4746224850918 0.7284689764287692 1.2643525755061145 0.2549422613035846 1.0920807888150523 -3.8598260395675412 1.655353687772965 -5.2250114041270885 3.5941711986649234 20.824797 1.1391983 -0.2171917 1.35639 186 104.778534 0.8416955190824557 88.19162273826052 20.607605 19.468407 "" "" "" "" "" "" "" "" "" "" "" "" "" "" "" "" "" "" "" "" "" "" "" "" "" "" 1.332356096138801 3922.4567746702555
"Gaia DR2 2059895868848637696" 301.27995320689814 36.48246898271544 0.754885292624984 1.2013488423834275 0.8391958410472535 1.0403694941271027 -1.6994542694617427 1.758432170345477 -7.060947141014528 3.7667297320972617 20.825478 1.2750912 0.079216 1.1958752 164 93.09814 0.9467042995113661 88.13640873998735 20.904694 19.629602 "" "" "" "" "" "" "" "" "" "" "" "" "" "" "" "" "" "" "" "" "" "" "" "" "" "" 1.3272460120002976 1191.6169636304141
"Gaia DR2 2059895834484470272" 301.2679152690659 36.47614173345847 0.3280120515753926 0.40949755062948234 0.5556663575160525 0.448832174343666 -2.5608089594983943 0.7233457982484839 -1.8480834113078166 0.921464109408609 19.91044 1.8570995 0.7543392 1.1027603 263 222.39758 0.9205350565412216 204.7247675531864 20.66478 18.80768 "" "" "" "" "" "" "" "" "" "" "" "" "" "" "" "" "" "" "" "" "" "" "" "" "" "" 1.0874588767853985 1799.6410732336108
"Gaia DR2 2059895937563685248" 301.28012111484344 36.49295426660882 0.6261324032062433 0.858744716336169 1.4260246377241605 0.8837325149059716 0.6592437990063548 1.2582206082986755 -3.027374697088204 2.198257241115516 20.630642 1.6120834 0.28787422 1.3242092 210 134.91168 0.7816995369338624 105.46040007990028 20.918516 19.306433 "" "" "" "" "" "" "" "" "" "" "" "" "" "" "" "" "" "" "" "" "" "" "" "" "" "" 1.2476272986069397 701.2501562356824
"Gaia DR2 2059895937563663616" 301.27891830868685 36.4866329860326 0.31871793325001063 0.3904325215011994 0.23818405831125614 0.4338020471278442 -2.1027377587353846 0.7020010123077317 -3.1927657330794283 0.8887934358054249 19.972141 1.9248829 0.7327843 1.1920986 253 230.69821 0.8383894827840032 193.41495553301132 20.704926 18.780043 "" "" "" "" "" "" "" "" "" "" "" "" "" "" "" "" "" "" "" "" "" "" "" "" "" "" 1.047220527471414 4198.433795653997
"Gaia DR2 2059895937563663488" 301.28261036766617 36.491689007972475 0.9763066215578711 1.864370132452191 0.0 0.0 0.0 0.0 0.0 0.0 20.819145 1.7854481 0.1965599 1.5888882 133 80.902855 1.095781634356736 88.65186224541303 21.015705 19.230257 "" "" "" "" "" "" "" "" "" "" "" "" "" "" "" "" "" "" "" "" "" "" "" "" "" "" 1.282164938817647 ""
"Gaia DR2 2059895834489048832" 301.27321831320245 36.48627710545928 0.7525817831941707 1.4510936091507316 0.5755733378841319 1.1468474828561728 1.7849311675724535 1.843526362715781 -13.878076910595201 4.2670422162496715 20.78883 1.4042702 -0.21745872 1.6217289 185 91.5525 0.9957359136455145 91.16211363053124 20.571371 19.1671 "" "" "" "" "" "" "" "" "" "" "" "" "" "" "" "" "" "" "" "" "" "" "" "" "" "" 1.421512769366235 1737.3980589095825
"Gaia DR2 2059895765764901888" 301.28089712540697 36.47364751178646 0.6773253094442897 0.9194108569040109 0.023882952336204355 0.9653516574652101 -5.817211907145959 1.3892357613804547 -1.698945298657635 2.6428232707107036 20.682993 2.0938225 0.59430504 1.4995174 181 117.880554 0.8525242703863071 100.49603249980089 21.277298 19.183475 "" "" "" "" "" "" "" "" "" "" "" "" "" "" "" "" "" "" "" "" "" "" "" "" "" "" 1.2391337986123456 41870.870314642474
"Gaia DR2 2059895834489049984" 301.2686338398069 36.48169242340534 2.041276793133558 2.4815546579953613 0.0 0.0 0.0 0.0 0.0 0.0 20.947296 0.0 0.0 0.0 71 52.630302 1.496896880716109 78.782134489651 0.0 0.0 "" "" "" "" "" "" "" "" "" "" "" "" "" "" "" "" "" "" "" "" "" "" "" "" "" "" 1.161478677906212 ""
"Gaia DR2 2059895834489160448" 301.2721902701765 36.47882103929071 0.8930357387485759 1.187489645516019 1.2568251751705608 1.2575141816297875 -0.8067751944984796 2.1089286350147884 2.852484432588335 3.872417797212385 20.804668 1.5004425 0.046611786 1.4538307 140 75.49833 1.1899851780065245 89.84189482960934 20.85128 19.350838 "" "" "" "" "" "" "" "" "" "" "" "" "" "" "" "" "" "" "" "" "" "" "" "" "" "" 1.3617436149956987 795.6556088751901
"Gaia DR2 2059895868844118656" 301.28736615609796 36.48288224352036 0.48119722034347523 0.6152622852221588 0.464793920839466 0.6937588979704349 0.9460025199301012 1.010590623940437 0.13239915636617083 1.6214075530124188 20.519499 1.585041 0.35376358 1.2312775 230 159.07393 0.7344252796519021 116.82791713250033 20.873262 19.288221 "" "" "" "" "" "" "" "" "" "" "" "" "" "" "" "" "" "" "" "" "" "" "" "" "" "" 1.2024427669041877 2151.491134380364
"Gaia DR2 2059895937563669120" 301.2837631470857 36.49475981581344 0.45894799119847773 0.5482268552085958 -0.8269420924304915 0.6228774929391423 -3.9724998480487006 0.9356389610303858 -6.257046704946233 1.4052001846937212 20.42754 1.7451515 0.43600464 1.3091469 242 169.04515 0.7521901045172137 127.15408443983283 20.863544 19.118393 "" "" "" "" "" "" "" "" "" "" "" "" "" "" "" "" "" "" "" "" "" "" "" "" "" "" 1.196482427098495 -1209.2745177124416
"Gaia DR2 2059896590403409024" 301.2599128485253 36.4914561230759 2.037864738214311 2.116149686108085 0.0 0.0 0.0 0.0 0.0 0.0 21.014841 0.0 0.0 0.0 78 67.66603 1.09405580954335 74.03041765276252 0.0 0.0 "" "" "" "" "" "" "" "" "" "" "" "" "" "" "" "" "" "" "" "" "" "" "" "" "" "" 1.0736480756473585 ""
"Gaia DR2 2059895868844129408" 301.28257063903993 36.47848587910271 0.3352045633355956 0.4207152652419433 -0.7834594366889149 0.47011925094639195 -3.9405896020765354 0.7341176647104626 -3.8605313211177337 1.1145487143940398 20.048395 1.9512291 0.71582985 1.2353992 231 224.67584 0.8024750895139277 180.296769651203 20.764225 18.812996 "" "" "" "" "" "" "" "" "" "" "" "" "" "" "" "" "" "" "" "" "" "" "" "" "" "" 1.0139762918122217 -1276.3902675373172
"Gaia DR2 2059895868844099200" 301.29078807617174 36.48294003987409 1.5524974036026855 2.382139407256204 0.0 0.0 0.0 0.0 0.0 0.0 21.035566 0.0 0.0 0.0 95 59.088684 1.2291796311284313 72.63060792448708 0.0 0.0 "" "" "" "" "" "" "" "" "" "" "" "" "" "" "" "" "" "" "" "" "" "" "" "" "" "" 1.267971942123395 ""
"Gaia DR2 2059895868844098432" 301.2903065819913 36.481954173706335 0.7753601958572511 1.4241574433924915 -0.32724205517960614 1.2891400880502941 -4.03505747731013 1.4782793170994613 -8.485278749644936 3.46617510020021 20.830462 1.2235947 -0.18338585 1.4069805 141 87.257706 1.0054442854038823 87.73276290648826 20.647076 19.423481 "" "" "" "" "" "" "" "" "" "" "" "" "" "" "" "" "" "" "" "" "" "" "" "" "" "" 1.2711817859753192 -3055.841949932603
"Gaia DR2 2059895765764957824" 301.2744349403065 36.47692723023974 0.31478415842140645 0.3771013497715294 0.9934724391122908 0.42771902433425596 -1.423382188622856 0.7102441975785494 -3.847859831064415 0.8944600853978879 19.847044 2.1147022 0.85554504 1.2591572 256 243.61998 0.8908723020034093 217.0342934525827 20.702589 18.587887 "" "" "" "" "" "" "" "" "" "" "" "" "" "" "" "" "" "" "" "" "" "" "" "" "" "" 1.025093621473289 1006.5704498994878
"Gaia DR2 2059895765764932992" 301.2768234102027 36.47474734008119 1.9226016553391698 2.046617230056138 0.0 0.0 0.0 0.0 0.0 0.0 21.0868 0.0 0.0 0.0 70 60.006927 1.1545835525924248 69.28301113891082 0.0 0.0 "" "" "" "" "" "" "" "" "" "" "" "" "" "" "" "" "" "" "" "" "" "" "" "" "" "" 1.08006110059488 ""
"Gaia DR2 2059895868844111104" 301.29286834627436 36.488855665317814 0.168883130710677 0.20479975353938046 0.26490773914276106 0.23221182380651761 -2.743752479993464 0.3887316291181479 -4.174158370927914 0.47745153538371826 18.986736 2.088066 0.8099003 1.2781658 264 437.48926 1.0956813463943593 479.3488066889325 19.796637 17.70857 "" "" "" "" "" "" "" "" "" "" "" "" "" "" "" "" "" "" "" "" "" "" "" "" "" "" 0.7768161868285861 3774.8991525728566
"Gaia DR2 2059895765764936832" 301.2755331714136 36.47417594274041 0.3248563115416767 0.36681601430881355 -0.2914064954479541 0.42916582016923355 -2.2906177855843097 0.7354606034171638 -3.4745609024262225 0.8503372257417795 19.943474 1.6779118 0.5407467 1.1371651 242 232.30136 0.8548795186383931 198.58967191015844 20.48422 18.806309 "" "" "" "" "" "" "" "" "" "" "" "" "" "" "" "" "" "" "" "" "" "" "" "" "" "" 1.0206616705655316 -3431.632498317466
"Gaia DR2 2059895868844151808" 301.28922502011915 36.493009798660445 0.44979135993318575 0.5880453522186686 -0.06835230864401456 0.6231444500768002 -0.4782396788706084 0.8954961075120971 -2.8976416750839946 1.35494688334699 20.306126 1.8235035 0.51727486 1.3062286 222 169.98633 0.8365310090853005 142.19883354744158 20.8234 18.999897 "" "" "" "" "" "" "" "" "" "" "" "" "" "" "" "" "" "" "" "" "" "" "" "" "" "" 1.1427980504427229 -14630.083750471353
"Gaia DR2 2059895765764936320" 301.27615419963274 36.47488529770981 0.34231778411563535 0.4265073659997269 0.25838468267179726 0.47328570022156663 -3.8040412089775275 0.7712006433739047 -4.039207839198781 1.0357229897122593 20.081264 1.9218597 0.676239 1.2456207 263 195.80406 0.8933446823355297 174.92051555210145 20.757504 18.835644 "" "" "" "" "" "" "" "" "" "" "" "" "" "" "" "" "" "" "" "" "" "" "" "" "" "" 1.1589562071350499 3870.1984562692123
"Gaia DR2 2059895868844081792" 301.29244406030887 36.480663570768925 0.7470476412746293 1.0021454225955284 0.367992685353005 1.064208842388018 -2.798542514232264 1.488961849963599 -4.766158513017813 2.906216332877644 20.769432 0.0 0.0 0.0 154 74.21804 1.2504435135330687 92.80546350039384 0.0 0.0 "" "" "" "" "" "" "" "" "" "" "" "" "" "" "" "" "" "" "" "" "" "" "" "" "" "" 1.4404746457941526 2717.4453183511737
"Gaia DR2 2059895868844081536" 301.292165807403 36.480215040999795 0.37259592006310516 0.4898536837951515 0.3851855226816597 0.525080775859493 -2.973037395942302 0.8369229744731018 -3.5295266855115823 1.1757415666584599 20.175465 1.87434 0.5812435 1.2930965 238 186.47464 0.8600842621059142 160.38390922916997 20.756708 18.882368 "" "" "" "" "" "" "" "" "" "" "" "" "" "" "" "" "" "" "" "" "" "" "" "" "" "" 1.1297402188608017 2596.151571424609
"Gaia DR2 2059895933256928256" 301.28410402364455 36.49304382097209 0.19772522252030567 0.228319688382935 -0.024318763088740595 0.2649709895703299 -7.674376827282959 0.4135838513226177 -8.736471518714406 0.5229299787507027 19.201132 1.939764 0.86769485 1.0720692 246 399.14758 0.9857340151032307 393.4533369323237 20.068827 18.129063 "" "" "" "" "" "" "" "" "" "" "" "" "" "" "" "" "" "" "" "" "" "" "" "" "" "" 0.7850562973541481 -41120.512435231234
"Gaia DR2 2059895937563635712" 301.2877384248268 36.49264357994803 0.4696593562647574 0.7059760961656608 -0.48055024788583683 0.6889302233487806 -0.883566692210741 0.9300009392397462 -3.849540809825581 1.7662349362158667 20.383787 1.8903503 0.68214226 1.2082081 221 155.14822 0.853267005806036 132.3828636241966 21.06593 19.17558 "" "" "" "" "" "" "" "" "" "" "" "" "" "" "" "" "" "" "" "" "" "" "" "" "" "" 1.1935008502946172 -2080.9478392727156
"Gaia DR2 2059895864537441152" 301.2931718585338 36.48823457717648 0.06674318120031301 0.08883149342600342 0.8772597651387228 0.09089483474291844 -2.286289952632969 0.14808721640293954 -22.51696496729833 0.18384885328051317 17.681534 1.7334652 0.78991127 0.9435539 274 1047.2505 1.5229373778632322 1594.8968862319807 18.471445 16.73798 "" "" "" "" "" "" "" "" "" "" "" "" "" "" "" "" "" "" "" "" "" "" "" "" "" "" 0.5115051322865843 1139.9132158327905
"Gaia DR2 2059895937591664896" 301.274053326855 36.486324142180486 0.03964370477825551 0.04785419100560519 0.7175888870370141 0.05214660205712676 -6.488626385086581 0.0939103619278977 -7.479705675894312 0.10176942711766762 16.407223 1.5937195 0.6231041 0.9706154 250 1297.3425 3.97559907140086 5157.713737508627 17.030327 15.436607 "" "" "" "" "" "" "" "" "" "" "" "" "" "" "" "" "" "" "" "" "" "" "" "" "" "" 0.43897792032705907 1393.5555832380371
"Gaia DR2 2059895765764944256" 301.2735688669586 36.47320423541654 0.20609005358485474 0.2512663309425478 0.6839438544768978 0.2833610556308753 -6.170177370803892 0.4746590560937926 -5.062684045702983 0.594812356378544 19.363552 1.7573376 0.74823 1.0091076 253 318.39487 1.064043547211917 338.7859883583468 20.111782 18.354445 "" "" "" "" "" "" "" "" "" "" "" "" "" "" "" "" "" "" "" "" "" "" "" "" "" "" 0.8914094458751781 1462.1083199363377
"Gaia DR2 2059895834512452736" 301.27078824908057 36.48491997005352 0.4068668007860043 0.4833839729836655 0.5171691292113185 0.55155000517902 -13.555750680197594 0.9122913209865597 -13.85999894339383 1.2466827943034344 20.230803 2.1732082 0.7960167 1.3771915 244 188.07774 0.8103777172951808 152.41401643406846 21.02682 18.853611 "" "" "" "" "" "" "" "" "" "" "" "" "" "" "" "" "" "" "" "" "" "" "" "" "" "" 1.1390065205638933 1933.6034258753944
"Gaia DR2 2059895765764909952" 301.27846559139965 36.471925932196 0.48176614848411325 0.6369823543042521 -0.07796983597793108 0.6838688806913125 -0.3928714820784287 1.1127783539394762 -5.053285997472308 1.604261126096828 20.342634 1.7783985 0.53624916 1.2421494 226 178.36026 0.770894009355063 137.49685133481486 20.878883 19.100485 "" "" "" "" "" "" "" "" "" "" "" "" "" "" "" "" "" "" "" "" "" "" "" "" "" "" 1.1256546537639738 -12825.472664621793
"Gaia DR2 2059895834489162240" 301.26774394070594 36.48687214297175 1.3488012558142328 3.2581133979552814 0.0 0.0 0.0 0.0 0.0 0.0 20.928886 1.5744648 -0.099191666 1.6736565 105 75.595314 1.0599771083131222 80.12929898156578 20.829695 19.25523 "" "" "" "" "" "" "" "" "" "" "" "" "" "" "" "" "" "" "" "" "" "" "" "" "" "" 1.1785478279709893 ""
"Gaia DR2 2059895834489163392" 301.26399468927787 36.48180511549575 1.38389601692026 3.880471759535488 0.0 0.0 0.0 0.0 0.0 0.0 20.865469 1.5444279 -0.33317375 1.8776016 91 56.00455 1.5168242191073338 84.94905715469497 20.532295 18.987867 "" "" "" "" "" "" "" "" "" "" "" "" "" "" "" "" "" "" "" "" "" "" "" "" "" "" 1.2747030840094082 ""
"Gaia DR2 2059895834489050624" 301.26598777057967 36.48393823578132 0.5971622388147514 0.9802654944896463 -0.794852084566646 0.8845559961649205 -1.216322080638403 1.581462947656832 -9.548111629460315 3.1772958621358054 20.702057 1.5825253 0.14638138 1.4361439 211 117.69238 0.839025792640036 98.74694590449985 20.848438 19.265913 "" "" "" "" "" "" "" "" "" "" "" "" "" "" "" "" "" "" "" "" "" "" "" "" "" "" 1.3389582940513587 -1258.0957129214812
