2020-06-02-00-21/tables/full_table.dat
# %ECSV 0.9
# ---
# datatype:
# - name: gaia_designation
#   datatype: object
#   description: Unique source designation (unique across all Data Releases)
#   meta: !!omap
#   - ucd: meta.id;meta.main
# - name: gaia_ra
#   unit: deg
#   datatype: float64
#   format: '{!r:>}'
#   description: Right ascension
#   meta: !!omap
#   - ucd: pos.eq.ra;meta.main
#   - utype: Char.SpatialAxis.Coverage.Location.Coord.Position2D.Value2.C1
# - name: gaia_dec
#   unit: deg
#   datatype: float64
#   format: '{!r:>}'
#   description: Declination
#   meta: !!omap
#   - ucd: pos.eq.dec;meta.main
#   - utype: Char.SpatialAxis.Coverage.Location.Coord.Position2D.Value2.C2
# - name: ra_error
#   unit: mas
#   datatype: float64
#   format: '{!r:>}'
#   description: Standard error of right ascension
#   meta: !!omap
#   - ucd: stat.error;pos.eq.ra
# - name: dec_error
#   unit: mas
#   datatype: float64
#   format: '{!r:>}'
#   description: Standard error of declination
#   meta: !!omap
#   - ucd: stat.error;pos.eq.dec
# - name: parallax
#   unit: mas
#   datatype: float64
#   format: '{!r:>}'
#   description: Parallax
#   meta: !!omap
#   - ucd: pos.parallax
# - name: parallax_error
#   unit: mas
#   datatype: float64
#   format: '{!r:>}'
#   description: Standard error of parallax
#   meta: !!omap
#   - ucd: stat.error;pos.parallax
# - name: pmra
#   unit: mas / yr
#   datatype: float64
#   format: '{!r:>}'
#   description: Proper motion in right ascension direction
#   meta: !!omap
#   - ucd: pos.pm;pos.eq.ra
# - name: pmra_error
#   unit: mas / yr
#   datatype: float64
#   format: '{!r:>}'
#   description: Standard error of proper motion in right ascension direction
#   meta: !!omap
#   - ucd: stat.error;pos.pm;pos.eq.ra
# - name: pmdec
#   unit: mas / yr
#   datatype: float64
#   format: '{!r:>}'
#   description: Proper motion in declination direction
#   meta: !!omap
#   - ucd: pos.pm;pos.eq.dec
# - name: pmdec_error
#   unit: mas / yr
#   datatype: float64
#   format: '{!r:>}'
#   description: Standard error of proper motion in declination direction
#   meta: !!omap
#   - ucd: stat.error;pos.pm;pos.eq.dec
# - name: phot_g_mean_mag
#   unit: mag
#   datatype: float32
#   format: '{!r:>}'
#   description: G-band mean magnitude
#   meta: !!omap
#   - ucd: phot.mag;stat.mean;em.opt
# - name: bp_rp
#   unit: mag
#   datatype: float32
#   format: '{!r:>}'
#   description: BP - RP colour
#   meta: !!omap
#   - ucd: phot.color
# - name: bp_g
#   unit: mag
#   datatype: float32
#   format: '{!r:>}'
#   description: BP - G colour
#   meta: !!omap
#   - ucd: phot.color
# - name: g_rp
#   unit: mag
#   datatype: float32
#   format: '{!r:>}'
#   description: G - RP colour
#   meta: !!omap
#   - ucd: phot.color
# - name: phot_g_n_obs
#   datatype: int32
#   description: Number of observations contributing to G photometry
#   meta: !!omap
#   - ucd: meta.number
# - name: phot_g_mean_flux_over_error
#   datatype: float32
#   format: '{!r:>}'
#   description: G-band mean flux divided by its error
#   meta: !!omap
#   - ucd: arith.ratio
# - name: phot_g_mean_flux_error
#   unit: electron / s
#   datatype: float64
#   format: '{!r:>}'
#   description: Error on G-band mean flux
#   meta: !!omap
#   - ucd: stat.error;phot.flux;stat.mean;em.opt
# - name: phot_g_mean_flux
#   unit: electron / s
[...]
#   description: instrumental profile-fit photometry flux uncertainty in mag units,
#     band 2
#   meta: !!omap
#   - width: 5
#   - precision: '3'
# - name: w3sigmpro
#   unit: mag
#   datatype: float64
#   format: '{:5.3f}'
#   description: instrumental profile-fit photometry flux uncertainty in mag units,
#     band 3
#   meta: !!omap
#   - width: 5
#   - precision: '3'
# - name: w4sigmpro
#   unit: mag
#   datatype: float64
#   format: '{:5.3f}'
#   description: instrumental profile-fit photometry flux uncertainty in mag units,
#     band 4
#   meta: !!omap
#   - width: 5
#   - precision: '3'
# - name: w4snr
#   datatype: float64
#   format: '{:8.1f}'
#   description: instrumental profile-fit photometry S/N ratio, band 4
#   meta: !!omap
#   - width: 8
#   - precision: '1'
# - name: variability
#   unit: (n_obs / mag)^0.5
#   datatype: float64
#   description: Number of observations contributing to G photometry
#   meta: !!omap
#   - ucd: meta.number
# - name: radial_distance
#   unit: pc
#   datatype: float64
#   format: '{!r:>}'
#   description: Parallax
#   meta: !!omap
#   - ucd: pos.parallax
# schema: astropy-2.0
gaia_designation gaia_ra gaia_dec ra_error dec_error parallax parallax_error pmra pmra_error pmdec pmdec_error phot_g_mean_mag bp_rp bp_g g_rp phot_g_n_obs phot_g_mean_flux_over_error phot_g_mean_flux_error phot_g_mean_flux phot_bp_mean_mag phot_rp_mean_mag 2mass_designation 2mass_ra 2mass_dec err_maj err_min j_m h_m k_m j_cmsig h_cmsig k_cmsig k_snr allwise_designation allwise_ra allwise_dec sigra sigdec w1mpro w2mpro w3mpro w4mpro w1sigmpro w2sigmpro w3sigmpro w4sigmpro w4snr variability radial_distance
[from data line 71]
"Gaia DR2 2059895868844113920" 301.28340150735266 36.476236772881805 0.3042592447972464 0.36310137510310614 0.23177470171923917 0.4160895154413788 -1.7393134321446277 0.6914149020108671 -2.349537496771789 0.9131549758697503 19.896082 2.2392082 0.8987694 1.3404388 226 211.13354 0.9825539801547678 207.4501050533095 20.794851 18.555643 "" "" "" "" "" "" "" "" "" "" "" "" "" "" "" "" "" "" "" "" "" "" "" "" "" "" 1.0346074463046364 4314.534729555396
"Gaia DR2 2059895868844144512" 301.2875687403584 36.48866608236592 0.5607073736003639 0.8960181150646856 -0.07590559804202901 0.8515700560665481 -1.6343037937358926 1.2356681585539158 -8.655968368804285 2.3115890765731852 20.588928 1.9421024 0.5076599 1.4344425 212 133.84319 0.8188017247476315 109.59103108798341 21.096588 19.154486 "" "" "" "" "" "" "" "" "" "" "" "" "" "" "" "" "" "" "" "" "" "" "" "" "" "" 1.2585480421692368 -13174.258892556238
"Gaia DR2 2059895834484473600" 301.26660629461475 36.475331488015286 0.5271771295284069 0.6692149189008741 1.6284129272014956 0.7338915280134097 -2.0988795942269 1.0318877734439993 -2.5507663040160065 1.5184037955734677 20.501617 1.6219082 0.20288086 1.4190273 212 147.08656 0.8074694098797246 118.76789653678071 20.704498 19.08259 "" "" "" "" "" "" "" "" "" "" "" "" "" "" "" "" "" "" "" "" "" "" "" "" "" "" 1.200553257252934 614.0948547482653
"Gaia DR2 2059896590403958528" 301.259607346954 36.49314534964151 4.326311203872957 2.1516943343663355 0.0 0.0 0.0 0.0 0.0 0.0 20.993168 0.598917 -0.9901314 1.5890484 70 64.36507 1.17335420634009 75.5230230942262 20.003036 19.40412 "" "" "" "" "" "" "" "" "" "" "" "" "" "" "" "" "" "" "" "" "" "" "" "" "" "" 1.0428549544915284 ""
"Gaia DR2 2059895868848635904" 301.28549276151597 36.48266110622436 1.7216993833736083 2.3040586800900935 0.0 0.0 0.0 0.0 0.0 0.0 21.190193 0.0 0.0 0.0 95 55.131233 1.1425391864600558 62.98959592398107 0.0 0.0 "" "" "" "" "" "" "" "" "" "" "" "" "" "" "" "" "" "" "" "" "" "" "" "" "" "" 1.3126923340975303 ""
"Gaia DR2 2059895903203868928" 301.2924760654784 36.49223814775446 0.5072025152302447 0.5750223838690868 1.083497973258651 0.6642052081117907 -8.320306515067546 1.045824102636579 -14.232696901422955 1.487556545040961 20.415905 1.998888 0.66978264 1.3291054 239 157.60077 0.8155037930224168 128.52402012075345 21.085688 19.0868 "" "" "" "" "" "" "" "" "" "" "" "" "" "" "" "" "" "" "" "" "" "" "" "" "" "" 1.231458510015965 922.936659486747
"Gaia DR2 2059895834488900864" 301.27323322440486 36.48354905537271 0.6105133036723255 1.0353351583060846 -0.4189041538567811 0.9319821242092867 -2.3714631193720703 1.5064359752206093 -6.018470449145532 3.4061192320139346 20.662252 1.8419247 0.48213577 1.3597889 220 115.73215 0.8850974403679589 102.43422581410736 21.144388 19.302464 "" "" "" "" "" "" "" "" "" "" "" "" "" "" "" "" "" "" "" "" "" "" "" "" "" "" 1.378746220726264 -2387.1809118939636
"Gaia DR2 2059895937563658112" 301.2817489591392 36.488940924523334 0.24999876540531638 0.3013718506680097 0.4509630981895459 0.3406278445164429 -5.967055860271008 0.5593750864027003 -14.874932394308939 0.7087203546272962 19.6353 1.9188843 0.8175678 1.1013165 245 283.2313 0.9312906866179524 263.77065924510225 20.452868 18.533983 "" "" "" "" "" "" "" "" "" "" "" "" "" "" "" "" "" "" "" "" "" "" "" "" "" "" 0.9300631229115679 2217.4763390056505
"Gaia DR2 2059896693478001920" 301.2690058487053 36.4970442548583 0.5747008300408134 0.7363418405449141 -0.2795186879676112 0.7970031460362385 -5.14949409504975 1.079115201059287 -6.4966078047197175 2.000983763991218 20.604216 1.7809029 0.2984619 1.482441 223 134.66714 0.8024131006717771 108.05868322263589 20.902678 19.121775 "" "" "" "" "" "" "" "" "" "" "" "" "" "" "" "" "" "" "" "" "" "" "" "" "" "" 1.2868312690380228 -3577.5783267695983
"Gaia DR2 2059896590398793216" 301.26191119490494 36.4892082427462 0.20502253564167863 0.25750715684032893 -0.4779007489449971 0.28972607412631973 -0.9504762551954209 0.4319659871937839 -2.8892235393792007 0.5786384438686243 19.157988 1.7331562 0.39317703 1.3399792 254 307.49298 1.3314225516186151 409.4030787244002 19.551165 17.818008 "" "" "" "" "" "" "" "" "" "" "" "" "" "" "" "" "" "" "" "" "" "" "" "" "" "" 0.9088647398645209 -2092.4846889392356
"Gaia DR2 2059896590398793088" 301.2613529970492 36.48965583321674 0.2923075759902516 0.3648584136660265 0.25967564260232795 0.41409721240581704 -2.55315641032778 0.6152104211911931 -3.4739945519122504 0.7987848078427979 19.561323 1.7807102 -0.009271622 1.7899818 255 220.47195 1.2807474684479243 282.36889452666384 19.552052 17.771341 "" "" "" "" "" "" "" "" "" "" "" "" "" "" "" "" "" "" "" "" "" "" "" "" "" "" 1.0754579004225637 3850.9580258608175
"Gaia DR2 2059896590398792960" 301.26109738508643 36.48992671008365 0.33499413662104793 0.3903507861679208 1.2190407358951292 0.45141381203030284 -2.47903178638032 0.7253582027526422 -4.11077592907817 0.8340730941013166 19.655859 0.0 0.0 0.0 217 219.05823 1.1815251335024108 258.82280338393434 0.0 0.0 "" "" "" "" "" "" "" "" "" "" "" "" "" "" "" "" "" "" "" "" "" "" "" "" "" "" 0.9952910121581088 820.3171317861746
"Gaia DR2 2059895765769812736" 301.2775816663423 36.47926397544212 1.1364102012499835 1.6075734024407997 0.0 0.0 0.0 0.0 0.0 0.0 20.918278 1.312252 -0.074438095 1.3866901 108 85.8222 0.9428343539019348 80.91611788447902 20.84384 19.531588 "" "" "" "" "" "" "" "" "" "" "" "" "" "" "" "" "" "" "" "" "" "" "" "" "" "" 1.121791290418965 ""
"Gaia DR2 2059895937563734912" 301.2723002152822 36.4973795730144 0.17674476785801166 0.21443068342951163 1.0322281493884569 0.2310102507020343 -2.980729308069866 0.36750486573769847 -5.352812512838838 0.42184741842225054 18.517664 2.0683765 0.73477936 1.3335972 261 413.25546 1.7867422302801528 738.3809744897219 19.252443 17.184067 "" "" "" "" "" "" "" "" "" "" "" "" "" "" "" "" "" "" "" "" "" "" "" "" "" "" 0.7947141616943498 968.7780754598192
"Gaia DR2 2059896693478011904" 301.2680176607225 36.49876291289286 1.2859115478338237 3.253600437614173 0.0 0.0 0.0 0.0 0.0 0.0 20.473137 0.0 0.0 0.0 77 81.54405 1.4952001511562822 121.92467946875924 0.0 0.0 "" "" "" "" "" "" "" "" "" "" "" "" "" "" "" "" "" "" "" "" "" "" "" "" "" "" 0.9717380714891758 ""
"Gaia DR2 2059895761459645696" 301.27921777129717 36.47784046866728 0.21909664878893392 0.25338171897547224 1.248272747494114 0.28992908298358994 2.474291058231082 0.5108762630869677 -2.4187412222423474 0.6030623313099582 19.319815 2.3213787 1.0874348 1.2339439 247 393.23843 0.8969428331897643 352.7123972490509 20.40725 18.08587 "" "" "" "" "" "" "" "" "" "" "" "" "" "" "" "" "" "" "" "" "" "" "" "" "" "" 0.7925387356963941 801.1069712188164
"Gaia DR2 2059895834484532480" 301.26134449173486 36.48377436445087 0.20190623363669605 0.29175709773939035 -0.2311808726194482 0.27026749451720217 -2.72244751644267 0.45134372185946015 -1.0723585419365635 0.5788087159319518 17.846603 0.0 0.0 0.0 253 484.80453 2.8257779103403715 1369.949904454852 0.0 0.0 "" "" "" "" "" "" "" "" "" "" "" "" "" "" "" "" "" "" "" "" "" "" "" "" "" "" 0.7223986467955351 -4325.617377723638
"Gaia DR2 2059895765764906624" 301.28216190913145 36.4761273925165 0.4318307551972549 0.5266092832296506 -0.0041187029641025046 0.596347454243179 -7.013302273878699 0.9626868688788585 -8.924602046561553 1.40599007660292 20.300455 1.6663971 0.48620033 1.1801968 216 180.21495 0.79318338320827 142.9435000432904 20.786655 19.120258 "" "" "" "" "" "" "" "" "" "" "" "" "" "" "" "" "" "" "" "" "" "" "" "" "" "" 1.0947916265048792 -242794.88196059005
"Gaia DR2 2059895937563712384" 301.2777099947657 36.496424604450866 0.4921581948311652 0.594437563177999 1.1232173751980756 0.6807584535477458 -2.6238874356963438 1.0074774327012277 -5.448051331333681 1.474200951161209 20.237417 2.1476345 0.7169075 1.430727 223 196.72742 0.7700426105627424 151.48849278132664 20.954325 18.80669 "" "" "" "" "" "" "" "" "" "" "" "" "" "" "" "" "" "" "" "" "" "" "" "" "" "" 1.0646821836142417 890.2996179378487
"Gaia DR2 2059895937563717504" 301.27472199267305 36.49439625387793 0.25975359091213823 0.37090370869537187 0.6200038397240106 0.3781792529490767 -6.786681247867056 0.536880342293601 -0.8832617992530941 0.9060492576845434 19.660955 1.7755585 0.6538658 1.1216927 237 254.21672 1.0133513962646687 257.61087399122516 20.314821 18.539263 "" "" "" "" "" "" "" "" "" "" "" "" "" "" "" "" "" "" "" "" "" "" "" "" "" "" 0.9655441057734385 1612.8932369921151
"Gaia DR2 2059895834484502016" 301.2664320405964 36.48287536089533 0.19271576349645358 0.24109869634371725 0.194679994118573 0.2720938070085947 -0.23789313785252797 0.4166852324548936 -2.779602045213795 0.559335802471553 19.312027 1.9056759 0.7826023 1.1230736 262 351.3727 1.0110377066148997 355.2510740497155 20.09463 18.188953 "" "" "" "" "" "" "" "" "" "" "" "" "" "" "" "" "" "" "" "" "" "" "" "" "" "" 0.8635085276387541 5136.634632272147
"Gaia DR2 2059895864538866048" 301.2904772808281 36.48387065378075 0.24784872200671607 0.34126894845492844 0.3753493779172087 0.3687505030744757 -1.8287037330791167 0.5437652880484529 -4.240137195956132 0.7502194380275647 19.660608 1.9584904 0.70695496 1.2515354 262 288.59552 0.8929209305875166 257.6929872416916 20.367563 18.409073 "" "" "" "" "" "" "" "" "" "" "" "" "" "" "" "" "" "" "" "" "" "" "" "" "" "" 0.9528090052277383 2664.184514035804
"Gaia DR2 2059895834484501632" 301.2658410746171 36.48177381070418 0.3011214073114872 0.3720294356542218 0.23584062213578316 0.42196572257665915 0.9804747086828339 0.655669811975015 -1.2366884691066202 0.8502770038500934 19.772333 1.855793 0.60523224 1.2505608 258 255.56483 0.9097285697072816 232.49463633323091 20.377565 18.521772 "" "" "" "" "" "" "" "" "" "" "" "" "" "" "" "" "" "" "" "" "" "" "" "" "" "" 1.0047529856299635 4240.151636914606
"Gaia DR2 2059895933258344448" 301.28051215252697 36.487466714742354 0.22184986184219976 0.263556074268782 1.0233602994965696 0.29961059132680146 3.375828526854553 0.5016322976886795 -3.1038545076778252 0.6215539999405284 19.454185 2.023983 0.8790989 1.1448841 247 299.2587 1.0414189418615876 311.6536782519427 20.333284 18.309301 "" "" "" "" "" "" "" "" "" "" "" "" "" "" "" "" "" "" "" "" "" "" "" "" "" "" 0.9085003227646504 977.1729472913289
"Gaia DR2 2059895937567267840" 301.2731047868945 36.4873434251709 0.7119178755178837 1.7582728003543178 0.0 0.0 0.0 0.0 0.0 0.0 20.653421 0.0 0.0 0.0 175 92.52253 1.1161688351864536 103.2707641246143 0.0 0.0 "" "" "" "" "" "" "" "" "" "" "" "" "" "" "" "" "" "" "" "" "" "" "" "" "" "" 1.3752931355643379 ""
"Gaia DR2 2059895933258346880" 301.27458807396323 36.490846157623444 0.15416976437870383 0.19113275438098762 1.042789158435973 0.2092837445016591 -1.8606597104788212 0.32993045939833804 -2.4077027087687406 0.401221269850443 18.935595 2.078251 0.989275 1.0889759 264 439.83667 1.1423973058844803 502.4682360973896 19.92487 17.846619 "" "" "" "" "" "" "" "" "" "" "" "" "" "" "" "" "" "" "" "" "" "" "" "" "" "" 0.7747404762501283 958.9666251419891
"Gaia DR2 2059895937563689344" 301.2745040787806 36.486287178121955 0.10540503842609823 0.22382810845249504 -0.020307372164590578 0.17860064245936105 -2.06792121329331 0.25257657525481036 -5.504431279771736 0.45215689621153216 18.185812 0.0 0.0 0.0 183 551.53015 1.8174081179649482 1002.3553546062892 0.0 0.0 "" "" "" "" "" "" "" "" "" "" "" "" "" "" "" "" "" "" "" "" "" "" "" "" "" "" 0.5760244461463625 -49243.200542888226
"Gaia DR2 2059895834484478464" 301.2680784274635 36.478398812840744 0.9374509833760297 1.7704669668734758 1.8559647124818506 1.5650966644827868 -0.11044490446674315 2.100187370144366 -1.862938671508207 4.397672058602483 20.86882 1.3781395 -0.0093307495 1.3874702 123 84.02391 1.0078947998584868 84.68726124419149 20.85949 19.48135 "" "" "" "" "" "" "" "" "" "" "" "" "" "" "" "" "" "" "" "" "" "" "" "" "" "" 1.2099045521523306 538.8033475392808
"Gaia DR2 2059895937563701120" 301.28219586365276 36.49986996284008 0.587309717033471 0.7299767245519109 0.6847720135002963 0.8018620413635436 -2.9629023683668856 1.1044093101957109 -6.552485886740401 1.9054819585195648 20.426987 1.6106033 0.147192 1.4634113 207 152.51547 0.8341382156120133 127.21898891574112 20.574179 18.963575 "" "" "" "" "" "" "" "" "" "" "" "" "" "" "" "" "" "" "" "" "" "" "" "" "" "" 1.1650061569766545 1460.3400552081227
"Gaia DR2 2059895765764880384" 301.28504862344164 36.474086191867286 0.12245049959780062 0.15251848942708113 0.1887136382993722 0.15976642927402443 -1.5680588656581915 0.2728348592456949 -2.52557253405386 0.31292311854958443 18.572464 1.7873592 0.7246628 1.0626965 245 503.8114 1.3934531580906158 702.0376039762443 19.297127 17.509768 "" "" "" "" "" "" "" "" "" "" "" "" "" "" "" "" "" "" "" "" "" "" "" "" "" "" 0.6973471759113044 5299.034076242102
"Gaia DR2 2059895933256914176" 301.272174679291 36.488272791920195 0.1416872739796657 0.17833310339213193 -0.04235399262556412 0.18937279640272323 -1.099149963074765 0.3121760914255597 -2.3878142328066922 0.3657191184800777 18.821648 1.7544327 0.7437916 1.0106411 271 478.743 1.1656939727051099 558.067859967124 19.56544 17.811007 "" "" "" "" "" "" "" "" "" "" "" "" "" "" "" "" "" "" "" "" "" "" "" "" "" "" 0.7523733809516326 -23610.524959019276
"Gaia DR2 2059896693478000000" 301.2710092164677 36.49919503064358 0.5010144759846102 0.5455759140891507 -0.4816612554083771 0.6578481462220398 -2.416137240443999 0.9956392935886587 -5.010798777199746 1.352037732764974 20.246006 2.3946762 0.9625797 1.4320965 225 177.10756 0.8486079952023071 150.29489340867454 21.208586 18.81391 "" "" "" "" "" "" "" "" "" "" "" "" "" "" "" "" "" "" "" "" "" "" "" "" "" "" 1.127126628357365 -2076.147891846
"Gaia DR2 2059895868848894592" 301.29049359154965 36.47942128785673 1.807557959425278 2.1503360186309255 0.0 0.0 0.0 0.0 0.0 0.0 20.988096 1.5972843 0.01770401 1.5795803 59 65.47988 1.1587774902152674 75.87661690266238 21.0058 19.408516 "" "" "" "" "" "" "" "" "" "" "" "" "" "" "" "" "" "" "" "" "" "" "" "" "" "" 0.9492313303898704 ""
"Gaia DR2 2059895933256930432" 301.2748504959642 36.49351249956892 0.2566607127688754 0.29688223523386215 0.2772568856367744 0.34719823916536086 -1.190573144941537 0.5271724446174655 -3.735775120621939 0.6652589440098698 19.456509 1.9041233 0.7770443 1.127079 240 313.0657 0.9933617392449036 310.9874777042344 20.233553 18.32943 "" "" "" "" "" "" "" "" "" "" "" "" "" "" "" "" "" "" "" "" "" "" "" "" "" "" 0.875563953805217 3606.763445038724
"Gaia DR2 2059895937563702400" 301.27996391498164 36.49704904790419 0.2833763821776764 0.34472082318693303 -0.1330528419190561 0.39293420897171877 -3.436908725394092 0.5902722067874355 -5.977289189071877 0.7875965413950474 19.721006 1.6430855 0.5284996 1.1145859 237 276.11224 0.882791773215346 243.74961651704666 20.249506 18.60642 "" "" "" "" "" "" "" "" "" "" "" "" "" "" "" "" "" "" "" "" "" "" "" "" "" "" 0.9264699562710169 -7515.810903222639
"Gaia DR2 2059896590398820480" 301.25899662847934 36.49133754197647 0.7125672345688796 1.0236989705796273 -0.05638083281769125 1.0678435964333954 -2.335230089472086 1.2485107090895682 -9.907682432594825 2.598418953277809 20.734337 1.5446911 0.041669846 1.5030212 165 111.11417 0.8626655624801415 95.8543629889263 20.776007 19.231316 "" "" "" "" "" "" "" "" "" "" "" "" "" "" "" "" "" "" "" "" "" "" "" "" "" "" 1.2185890074430072 -17736.524099129994
"Gaia DR2 2059895937563692288" 301.2767473704325 36.490180363291735 0.28472840391160936 0.34957467977447854 0.6902042446636396 0.3966656347659028 -3.9223744501816302 0.6105934212365113 -4.497769324794804 0.7928660676693552 19.892866 1.8596516 0.6730709 1.1865807 275 256.53287 0.8110676263386613 208.06551149563364 20.565937 18.706285 "" "" "" "" "" "" "" "" "" "" "" "" "" "" "" "" "" "" "" "" "" "" "" "" "" "" 1.0353682407094753 1448.8464939640216
