2020-06-02-00-21/tables/full_table.dat
# %ECSV 0.9
# ---
# datatype:
# - name: gaia_designation
#   datatype: object
#   description: Unique source designation (unique across all Data Releases)
#   meta: !!omap
#   - ucd: meta.id;meta.main
# - name: gaia_ra
#   unit: deg
#   datatype: float64
#   format: '{!r:>}'
#   description: Right ascension
#   meta: !!omap
#   - ucd: pos.eq.ra;meta.main
#   - utype: Char.SpatialAxis.Coverage.Location.Coord.Position2D.Value2.C1
# - name: gaia_dec
#   unit: deg
#   datatype: float64
#   format: '{!r:>}'
#   description: Declination
#   meta: !!omap
#   - ucd: pos.eq.dec;meta.main
#   - utype: Char.SpatialAxis.Coverage.Location.Coord.Position2D.Value2.C2
# - name: ra_error
#   unit: mas
#   datatype: float64
#   format: '{!r:>}'
#   description: Standard error of right ascension
#   meta: !!omap
#   - ucd: stat.error;pos.eq.ra
# - name: dec_error
#   unit: mas
#   datatype: float64
#   format: '{!r:>}'
#   description: Standard error of declination
#   meta: !!omap
#   - ucd: stat.error;pos.eq.dec
# - name: parallax
#   unit: mas
#   datatype: float64
#   format: '{!r:>}'
#   description: Parallax
#   meta: !!omap
#   - ucd: pos.parallax
# - name: parallax_error
#   unit: mas
#   datatype: float64
#   format: '{!r:>}'
#   description: Standard error of parallax
#   meta: !!omap
#   - ucd: stat.error;pos.parallax
# - name: pmra
#   unit: mas / yr
#   datatype: float64
#   format: '{!r:>}'
#   description: Proper motion in right ascension direction
#   meta: !!omap
#   - ucd: pos.pm;pos.eq.ra
# - name: pmra_error
#   unit: mas / yr
#   datatype: float64
#   format: '{!r:>}'
#   description: Standard error of proper motion in right ascension direction
#   meta: !!omap
#   - ucd: stat.error;pos.pm;pos.eq.ra
# - name: pmdec
#   unit: mas / yr
#   datatype: float64
#   format: '{!r:>}'
#   description: Proper motion in declination direction
#   meta: !!omap
#   - ucd: pos.pm;pos.eq.dec
# - name: pmdec_error
#   unit: mas / yr
#   datatype: float64
#   format: '{!r:>}'
#   description: Standard error of proper motion in declination direction
#   meta: !!omap
#   - ucd: stat.error;pos.pm;pos.eq.dec
# - name: phot_g_mean_mag
#   unit: mag
#   datatype: float32
#   format: '{!r:>}'
#   description: G-band mean magnitude
#   meta: !!omap
#   - ucd: phot.mag;stat.mean;em.opt
# - name: bp_rp
#   unit: mag
#   datatype: float32
#   format: '{!r:>}'
#   description: BP - RP colour
#   meta: !!omap
#   - ucd: phot.color
# - name: bp_g
#   unit: mag
#   datatype: float32
#   format: '{!r:>}'
#   description: BP - G colour
#   meta: !!omap
#   - ucd: phot.color
# - name: g_rp
#   unit: mag
#   datatype: float32
#   format: '{!r:>}'
#   description: G - RP colour
#   meta: !!omap
#   - ucd: phot.color
# - name: phot_g_n_obs
#   datatype: int32
#   description: Number of observations contributing to G photometry
#   meta: !!omap
#   - ucd: meta.number
# - name: phot_g_mean_flux_over_error
#   datatype: float32
#   format: '{!r:>}'
#   description: G-band mean flux divided by its error
#   meta: !!omap
#   - ucd: arith.ratio
# - name: phot_g_mean_flux_error
#   unit: electron / s
#   datatype: float64
#   format: '{!r:>}'
#   description: Error on G-band mean flux
#   meta: !!omap
#   - ucd: stat.error;phot.flux;stat.mean;em.opt
# - name: phot_g_mean_flux
#   unit: electron / s
[...]
#   description: instrumental profile-fit photometry flux uncertainty in mag units,
#     band 2
#   meta: !!omap
#   - width: 5
#   - precision: '3'
# - name: w3sigmpro
#   unit: mag
#   datatype: float64
#   format: '{:5.3f}'
#   description: instrumental profile-fit photometry flux uncertainty in mag units,
#     band 3
#   meta: !!omap
#   - width: 5
#   - precision: '3'
# - name: w4sigmpro
#   unit: mag
#   datatype: float64
#   format: '{:5.3f}'
#   description: instrumental profile-fit photometry flux uncertainty in mag units,
#     band 4
#   meta: !!omap
#   - width: 5
#   - precision: '3'
# - name: w4snr
#   datatype: float64
#   format: '{:8.1f}'
#   description: instrumental profile-fit photometry S/N ratio, band 4
#   meta: !!omap
#   - width: 8
#   - precision: '1'
# - name: variability
#   unit: (n_obs / mag)^0.5
#   datatype: float64
#   description: Number of observations contributing to G photometry
#   meta: !!omap
#   - ucd: meta.number
# - name: radial_distance
#   unit: pc
#   datatype: float64
#   format: '{!r:>}'
#   description: Parallax
#   meta: !!omap
#   - ucd: pos.parallax
# schema: astropy-2.0
gaia_designation gaia_ra gaia_dec ra_error dec_error parallax parallax_error pmra pmra_error pmdec pmdec_error phot_g_mean_mag bp_rp bp_g g_rp phot_g_n_obs phot_g_mean_flux_over_error phot_g_mean_flux_error phot_g_mean_flux phot_bp_mean_mag phot_rp_mean_mag 2mass_designation 2mass_ra 2mass_dec err_maj err_min j_m h_m k_m j_cmsig h_cmsig k_cmsig k_snr allwise_designation allwise_ra allwise_dec sigra sigdec w1mpro w2mpro w3mpro w4mpro w1sigmpro w2sigmpro w3sigmpro w4sigmpro w4snr variability radial_distance
"Gaia DR2 2059895834512454144" 301.26774813791076 36.48170620805526 0.02229050325389346 0.028278258004525197 0.223718404757413 0.02968198408565286 -2.295637222617689 0.04988758052217359 -4.571261606880015 0.055926205795333736 15.205121 2.181754 1.1181211 1.063633 279 2726.175 5.724589087949596 15606.231764498414 16.323242 14.141488 20050426+3628542 301.267754 36.481724 0.08 0.08 12.423 11.700 11.479 "" 0.031 0.024 201.8 J200504.26+362854.1 301.2677830 36.4817110 0.0432 0.0420 11.246 11.282 10.500 8.750 0.025 0.024 0.138 0.288 3.8 0.3199080969542574 4469.90492840471
"Gaia DR2 2059895834512450944" 301.2656790476306 36.47629674771849 0.036605811966148795 0.044822233760205374 0.5328393943246972 0.049291850366215216 -3.3234352931572078 0.08276537804621556 -6.616387619391117 0.0949558144669868 16.466146 1.414114 0.6281223 0.78599167 261 1663.7899 2.936222203251271 4885.256727667288 17.094269 15.680155 20050376+3628347 301.265698 36.476318 0.06 0.06 14.687 14.245 14.157 0.038 0.053 0.070 17.1 J200503.76+362834.5 301.2656908 36.4762624 0.0916 0.0930 13.918 14.039 11.027 8.883 0.042 0.052 0.142 "" 1.4 0.39606914390838494 1876.7381140566129
"Gaia DR2 2059895868872174720" 301.2821644324211 36.48108362883141 0.027962931112139603 0.03404450641468372 0.21669262004788206 0.036408005456325346 -3.440466436280936 0.06416478700238248 -5.056966489819645 0.06941127627843241 16.029373 1.4998703 0.67318344 0.82668686 269 2230.3787 3.275056574850214 7304.616046363326 16.702557 15.202686 20050772+3628519 301.282177 36.481087 0.06 0.06 14.031 13.750 13.613 0.027 0.035 0.040 28.3 J200507.69+362851.9 301.2820599 36.4811079 0.0488 0.0480 13.516 13.688 12.665 9.335 0.025 0.030 "" "" -2.2 0.34728565062283856 4614.831828509122
"Gaia DR2 2059896693505926528" 301.2682630207443 36.49863975305298 0.05173094413665291 0.062346374495313585 0.3982180213375546 0.06848801602192169 -3.838292767282794 0.10905968489884184 -6.057060292242809 0.12559079295398948 16.835306 1.5247955 0.6698532 0.8549423 235 1262.1644 2.754912915228628 3477.153237436355 17.50516 15.980364 20050438+3629551 301.268266 36.498665 0.06 0.06 14.863 14.404 14.170 0.045 0.055 0.065 16.9 J200504.38+362955.1 301.2682564 36.4986636 0.1058 0.1089 14.205 14.283 11.329 9.370 0.054 0.047 0.440 0.529 2.1 0.43149519404095515 2511.187205041977
"Gaia DR2 2059896689172594432" 301.26486148904405 36.495673869864454 0.07192879176124523 0.08663944281145827 0.08124168745572524 0.09219324515990257 -3.3276287403145117 0.15653263577977092 -4.254190598926691 0.17157558705069023 17.326046 3.2846756 1.9175243 1.3671513 255 1088.8014 2.032258131315924 2212.72537996647 19.24357 15.958895 20050356+3629444 301.264871 36.495689 0.06 0.06 13.350 12.149 11.758 0.021 0.027 0.019 156.0 J200503.56+362944.4 301.2648651 36.4956730 0.0434 0.0415 11.544 11.606 11.040 8.657 0.025 0.023 0.356 "" 1.8 0.4839447207368844 12308.951614834143
"Gaia DR2 2059895937563682304" 301.27954025669897 36.491451331350284 0.087365821750247 0.10490099185988468 0.24447380541682898 0.11533919432442526 -4.1202636912776 0.19276063400414756 -5.75377863776553 0.2251297899105956 17.94065 0.0 0.0 0.0 252 369.0118 3.404438357153607 1256.2780004671927 0.0 0.0 20050698+3629283 301.279119 36.491211 0.06 0.06 14.424 14.009 13.794 0.037 0.054 0.047 23.9 "" "" "" "" "" "" "" "" "" "" "" "" "" "" 0.8263806459783152 4090.4177782768807
"Gaia DR2 2059895830186968320" 301.26948149363096 36.481571652120444 0.4484382186102904 0.555138340884946 -0.10223277008178047 0.6332113266299391 -1.4650546131873974 0.9608557460708428 -2.517717960479016 1.413467185883986 20.39326 2.2195263 0.48749733 1.732029 256 161.73027 0.8114309193258478 131.23294522287495 20.880756 18.66123 20050465+3628535 301.269409 36.481548 0.09 0.09 13.869 14.944 14.679 0.000 0.089 0.111 10.6 "" "" "" "" "" "" "" "" "" "" "" "" "" "" 1.2581265473004808 -9781.599375621498
"Gaia DR2 2059895765764924288" 301.2803954744361 36.477485886572474 0.25353690105460763 0.36208513608829485 0.5772352183218578 0.37604680911215443 -1.5723472292245972 0.5638005284177006 -1.4187471048133706 0.920541313814834 19.69866 2.699295 1.2427273 1.4565678 251 291.008 0.855021842438259 248.81818142613733 20.941387 18.242092 20050729+3628389 301.280386 36.477493 0.07 0.07 15.982 14.838 14.485 0.096 0.087 0.080 12.7 "" "" "" "" "" "" "" "" "" "" "" "" "" "" 0.9287191483339758 1732.396028965812
"Gaia DR2 2059895765792948480" 301.28457232846444 36.47336088814887 0.037657656668884605 0.04700027210525762 0.11397906168801823 0.05087584300766619 -2.9737855381192464 0.08633722756392924 -4.069060721160293 0.10324541866410646 16.591322 1.8650999 0.88591766 0.97918224 258 1608.793 2.7059339875655213 4353.287470239879 17.47724 15.61214 20050829+3628242 301.284574 36.473400 0.08 0.08 14.224 13.155 13.552 0.040 0.000 0.053 29.9 "" "" "" "" "" "" "" "" "" "" "" "" "" "" 0.4004605811082337 8773.541255649085
"Gaia DR2 2059896586091953152" 301.26180287113556 36.489597624195135 0.5381585558415571 1.1564907382020344 0.0 0.0 0.0 0.0 0.0 0.0 19.828926 0.0 0.0 0.0 137 167.8779 1.3145668805432777 220.68673620350782 0.0 0.0 20050279+3629217 301.261637 36.489388 0.14 0.14 15.989 15.228 15.381 0.101 0.124 0.180 5.5 "" "" "" "" "" "" "" "" "" "" "" "" "" "" 0.9033655417486962 ""
"Gaia DR2 2059895830177674880" 301.261945234897 36.480407713618796 0.11365137557279521 0.14557765817184448 0.26260913214698617 0.15461490875678674 -3.216126420712895 0.24393756703107647 -3.5899495795992746 0.2938150105726424 18.356953 1.802248 0.8337002 0.9685478 266 671.71075 1.2746275529819795 856.1810097712356 19.190653 17.388405 20050286+3628496 301.261944 36.480461 0.16 0.14 16.167 15.447 15.478 0.113 0.124 0.000 0.0 "" "" "" "" "" "" "" "" "" "" "" "" "" "" 0.6292883148962547 3807.940690502284
"Gaia DR2 2059895834512461568" 301.2607688063137 36.48390167867726 0.06028247849152149 0.07745765119164048 0.307544302956104 0.080041887283288 -4.062212898210049 0.1331113582076496 -7.218646939400522 0.15329053467146203 17.379656 1.823986 0.688221 1.1357651 262 1236.2058 1.703700125245017 2106.1239462137232 18.067877 16.24389 20050262+3629020 301.260943 36.483898 0.06 0.06 14.759 14.201 14.049 0.037 0.052 0.067 18.9 "" "" "" "" "" "" "" "" "" "" "" "" "" "" 0.4603681346288178 3251.564052359411
"Gaia DR2 2059895834512460672" 301.2639401173208 36.48646493963507 0.10895004639862364 0.13872981230221607 0.687524110499978 0.15063844925695688 -1.446817401850777 0.23965477128122686 -2.9454028243147743 0.2981620864451788 18.40049 1.7198486 0.7626858 0.95716286 262 686.59436 1.1979809472284508 822.5269453277713 19.163176 17.443327 20050334+3629108 301.263958 36.486359 0.27 0.24 16.193 16.621 15.477 0.106 0.000 0.190 5.1 "" "" "" "" "" "" "" "" "" "" "" "" "" "" 0.6177326120882235 1454.4944456897445
"Gaia DR2 2059895868872177408" 301.2796015461582 36.481735622291716 0.10176174748592508 0.12790260889064034 0.2334701455766858 0.13595291188313768 -4.990048519148109 0.22422554198069364 -7.684254104448906 0.265087189696195 18.40624 1.7200546 0.75878525 0.9612694 291 734.38367 1.1141076872383555 818.1824758944604 19.165026 17.444971 20050708+3628541 301.279521 36.481712 0.16 0.16 16.024 15.581 15.264 0.110 0.142 0.000 0.0 "" "" "" "" "" "" "" "" "" "" "" "" "" "" 0.6294844260612428 4283.202880308048
"Gaia DR2 2059896590426713344" 301.26143922859956 36.49129506881859 0.09272611513630782 0.10995439828646938 0.35313468339553844 0.12506737730682513 -1.4445970055546524 0.1939239929390778 -3.7061634094753053 0.23342158575189323 18.049654 1.775013 0.8175049 0.9575081 255 744.64374 1.5259366319712837 1136.2791712743262 18.867159 17.092146 20050274+3629285 301.261457 36.491268 0.09 0.08 15.750 15.153 14.909 0.102 0.118 0.138 8.6 "" "" "" "" "" "" "" "" "" "" "" "" "" "" 0.5851885492496796 2831.7807539734686
"Gaia DR2 2059895933266183936" 301.2751228006101 36.48708400442547 0.18866233592714854 0.2303250167177335 0.04077848074350847 0.24406426084849556 -2.704344844901545 0.42474926437792165 -4.741258065431402 0.47721532687283796 19.119364 2.5221367 1.1778221 1.3443146 265 170.16956 2.492982665239666 424.2297536669283 20.297186 17.77505 20050603+3629135 301.275127 36.487110 0.11 0.11 14.339 13.622 13.837 0.000 0.000 0.056 23.0 "" "" "" "" "" "" "" "" "" "" "" "" "" "" 1.2479063784528837 24522.738016893632
"Gaia DR2 2059895933266183552" 301.2714398986741 36.494149364063475 1.0541044742626644 1.1199890189068722 -0.5471649633295745 1.4681239918410014 -2.7630479383854905 1.7595547533849656 -1.9125993276255868 3.170599730098937 20.797531 2.6302338 0.8786297 1.7516041 141 99.04565 0.9130586849270117 90.43448646576537 21.67616 19.045927 20050516+3629389 301.271510 36.494156 0.08 0.08 16.281 14.860 14.394 0.121 0.083 0.069 13.8 "" "" "" "" "" "" "" "" "" "" "" "" "" "" 1.1931412493170566 -1827.6023996764368
"Gaia DR2 2059895765792962688" 301.27831403489944 36.48051065342555 0.03255783595190263 0.04055284447462383 0.29067852895929996 0.043941209774916494 -3.907939808382438 0.07323491815876307 -5.300317993273616 0.08624712984657329 16.35848 1.6628323 0.7717457 0.8910866 281 1975.0973 2.7312744997406115 5394.53297173438 17.130226 15.467394 20050679+3628499 301.278305 36.480530 0.08 0.08 14.221 13.807 13.581 0.037 0.038 0.000 0.0 "" "" "" "" "" "" "" "" "" "" "" "" "" "" 0.37718890838550556 3440.2265746295193
"Gaia DR2 2059895761458180096" 301.27223683229914 36.47270083609171 0.19953927200110186 0.24851422956471717 0.5736459418710231 0.2773563366789417 -8.240238196709134 0.4702692384751452 -1.965372507365307 0.5758149365122347 19.062492 2.0461998 0.8931427 1.1530571 253 370.65103 1.2061020305394663 447.042950602993 19.955635 17.909435 20050536+3628212 301.272363 36.472557 0.23 0.19 16.145 15.781 15.489 0.114 0.164 0.000 0.0 "" "" "" "" "" "" "" "" "" "" "" "" "" "" 0.826185662553044 1743.2355517732174
"Gaia DR2 2059895933258350464" 301.2744637728933 36.496522384525036 0.17810697023220237 0.2148908210562672 1.3318777781011129 0.23624258065083584 -1.1290699974712792 0.3589000996363273 -11.301511632949074 0.43340969315981415 19.007647 2.3450584 1.1350365 1.210022 242 419.52005 1.1208174687123913 470.20540178300797 20.142683 17.797625 20050586+3629475 301.274435 36.496529 0.18 0.17 16.252 15.600 14.900 0.122 0.140 0.000 0.0 "" "" "" "" "" "" "" "" "" "" "" "" "" "" 0.759506197611271 750.8196445966099
"Gaia DR2 2059896586093377664" 301.2616055534132 36.492925623883025 0.14114148956400802 0.16738551940397037 0.16271945522972756 0.18599018016857904 -3.0786416602038758 0.2921819830101555 -3.9623302529965487 0.34273624093485183 18.68493 2.9314709 1.579853 1.3516178 256 559.45984 1.1313719217333325 632.9571875373621 20.264784 17.333313 20050279+3629345 301.261628 36.492935 0.06 0.06 14.905 13.761 13.444 0.050 0.044 0.042 33.0 "" "" "" "" "" "" "" "" "" "" "" "" "" "" 0.6764497252151375 6145.5466317054625
"Gaia DR2 2059895933256914048" 301.27254961239635 36.48738466517962 0.14811273082297463 0.17961923166395113 0.1726246839219072 0.19406313924990248 -2.299144154038253 0.32865533577147393 -3.5430879762005874 0.37667480490346233 18.879068 1.946949 0.7370796 1.2098694 260 514.0514 1.0297044043095085 529.3209774905694 19.616148 17.669199 20050541+3629145 301.272574 36.487377 0.17 0.16 16.023 14.514 14.309 0.126 0.000 0.000 0.0 "" "" "" "" "" "" "" "" "" "" "" "" "" "" 0.7111863367213676 5792.914299859834
"Gaia DR2 2059895864537421056" 301.2923861637041 36.48274800322168 0.12458464249655121 0.16225356489250872 0.6910698079026893 0.168052266198824 -4.317497094734972 0.276373488215242 -5.329732117202626 0.31777467960630107 18.675674 1.9702168 0.91082764 1.0593891 271 570.72955 1.1185260640068733 638.3758780885591 19.586502 17.616285 20051017+3628580 301.292410 36.482784 0.12 0.11 15.857 15.508 15.096 0.096 0.148 0.149 7.2 "" "" "" "" "" "" "" "" "" "" "" "" "" "" 0.6890797137980103 1447.0318172846753
"Gaia DR2 2059895765792964864" 301.2759769147689 36.47870219332087 0.03726833386644777 0.04442491096624235 0.2741136688031666 0.04923155431872543 -2.543713826099313 0.08589307563656357 -2.4838205510731943 0.09447928698904849 16.449778 1.5560904 0.70710945 0.8489809 250 1720.3647 2.882801655155483 4959.470273636036 17.156887 15.600797 20050623+3628432 301.275984 36.478691 0.06 0.06 14.416 14.041 13.884 0.029 0.038 0.052 22.0 "" "" "" "" "" "" "" "" "" "" "" "" "" "" 0.38120600838040475 3648.121614533831
"Gaia DR2 2059895937591658752" 301.276751518006 36.48312912017084 0.1458793737244438 0.18534077433732477 0.22813104056477806 0.19839090599711875 -3.5452020415703314 0.32291819489004703 -7.1795734132204085 0.3869885008101475 18.832983 1.9096222 0.8412361 1.0683861 286 480.33505 1.1497632982233332 552.2716137711973 19.67422 17.764597 20050642+3628594 301.276791 36.483177 0.20 0.17 16.460 15.536 15.219 0.137 0.000 0.000 0.0 "" "" "" "" "" "" "" "" "" "" "" "" "" "" 0.7716331487655377 4383.445573755882
"Gaia DR2 2059895864537400832" 301.2843750279819 36.474876719448055 0.031147560737906938 0.037345401774037904 0.21089061849311552 0.04076044693198538 -2.55452707995673 0.06935809876398322 -4.626691236759462 0.07719738097960806 16.06783 2.4176054 1.280117 1.1374884 238 1841.3395 3.828960534323249 7050.41633523045 17.347946 14.930341 20050824+3628295 301.284373 36.474880 0.06 0.06 12.973 12.190 11.895 0.034 0.038 0.030 137.5 "" "" "" "" "" "" "" "" "" "" "" "" "" "" 0.3595187510444206 4741.7946191506135
"Gaia DR2 2059895937591662976" 301.27906476925847 36.49117373639978 0.0399464392106488 0.047156808276933686 0.4974597168641271 0.052743248461696306 0.7495424827313408 0.0907753055869102 -0.829937781047445 0.09951986462157741 16.587923 1.5546904 0.6262646 0.9284258 248 1654.7941 2.6389596730972538 4366.934950645182 17.214188 15.659497 20050698+3629283 301.279119 36.491211 0.06 0.06 14.424 14.009 13.794 0.037 0.054 0.047 23.9 "" "" "" "" "" "" "" "" "" "" "" "" "" "" 0.3871273572225069 2010.2130204708283
"Gaia DR2 2059896689172598144" 301.2742320103573 36.50081459690559 0.17793142212374663 0.21272785408137082 0.01472693952966662 0.2308473025047236 -3.3327656098655916 0.3692150071780311 -4.516028714581897 0.440568124041724 19.000168 2.9482403 1.5587654 1.3894749 241 388.7039 1.2180364668801278 473.4554973254798 20.558933 17.610693 20050581+3630030 301.274247 36.500843 0.06 0.06 15.033 13.837 13.427 0.043 0.043 0.044 33.5 "" "" "" "" "" "" "" "" "" "" "" "" "" "" 0.7874066512788016 67902.77083609629
"Gaia DR2 2059895937563734784" 301.273096584786 36.49709436103138 0.1654122232921151 0.20422817126058188 -0.14030899781314804 0.21675466136293337 -3.3389279166997468 0.33875868995818437 -6.4204925496575065 0.41427190022086846 18.898453 2.1864338 0.89809036 1.2883434 261 447.92227 1.1608144499001982 519.9546346494083 19.796543 17.61011 "" "" "" "" "" "" "" "" "" "" "" "" J200505.50+362949.7 301.2729404 36.4971657 0.0888 0.0893 13.800 13.931 12.290 9.493 0.043 0.045 0.000 0.000 -0.6 0.7633415898854298 -7127.126667469449
"" "" "" "" "" "" "" "" "" "" "" "" "" "" "" "" "" "" "" "" "" 20051035+3629183 301.293155 36.488430 0.07 0.07 15.315 14.868 14.495 0.066 0.088 0.089 12.5 J200510.36+362918.2 301.2931739 36.4884044 0.0920 0.0922 14.290 14.863 12.517 8.578 0.040 0.064 0.000 0.000 1.9 "" ""
"" "" "" "" "" "" "" "" "" "" "" "" "" "" "" "" "" "" "" "" "" 20050698+3629283 301.279119 36.491211 0.06 0.06 14.424 14.009 13.794 0.037 0.054 0.047 23.9 J200506.99+362928.2 301.2791463 36.4911942 0.0693 0.0695 13.531 13.690 12.517 9.318 0.033 0.040 0.000 0.000 -0.1 "" ""
"" "" "" "" "" "" "" "" "" "" "" "" "" "" "" "" "" "" "" "" "" 20050516+3629389 301.271510 36.494156 0.08 0.08 16.281 14.860 14.394 0.121 0.083 0.069 13.8 J200505.16+362938.9 301.2715023 36.4941467 0.1020 0.1057 14.131 14.396 11.566 8.751 0.049 0.049 0.000 0.000 1.7 "" ""
"Gaia DR2 2059895834513245568" 301.27060009035904 36.47607539332551 1.1755150567043338 1.7605834879320337 0.0 0.0 0.0 0.0 0.0 0.0 21.011663 0.0 0.0 0.0 115 68.00674 1.0917653100343916 74.2473979269406 0.0 0.0 "" "" "" "" "" "" "" "" "" "" "" "" "" "" "" "" "" "" "" "" "" "" "" "" "" "" 1.300387996886859 ""
