2020-06-02-00-21/tables/full_table.dat
# %ECSV 0.9
# ---
# datatype:
# - name: gaia_designation
#   datatype: object
#   description: Unique source designation (unique across all Data Releases)
#   meta: !!omap
#   - ucd: meta.id;meta.main
# - name: gaia_ra
#   unit: deg
#   datatype: float64
#   format: '{!r:>}'
#   description: Right ascension
#   meta: !!omap
#   - ucd: pos.eq.ra;meta.main
#   - utype: Char.SpatialAxis.Coverage.Location.Coord.Position2D.Value2.C1
# - name: gaia_dec
#   unit: deg
#   datatype: float64
#   format: '{!r:>}'
#   description: Declination
#   meta: !!omap
#   - ucd: pos.eq.dec;meta.main
#   - utype: Char.SpatialAxis.Coverage.Location.Coord.Position2D.Value2.C2
# - name: ra_error
#   unit: mas
#   datatype: float64
#   format: '{!r:>}'
#   description: Standard error of right ascension
#   meta: !!omap
#   - ucd: stat.error;pos.eq.ra
# - name: dec_error
#   unit: mas
#   datatype: float64
#   format: '{!r:>}'
#   description: Standard error of declination
#   meta: !!omap
#   - ucd: stat.error;pos.eq.dec
# - name: parallax
#   unit: mas
#   datatype: float64
#   format: '{!r:>}'
#   description: Parallax
#   meta: !!omap
#   - ucd: pos.parallax
# - name: parallax_error
#   unit: mas
#   datatype: float64
#   format: '{!r:>}'
#   description: Standard error of parallax
#   meta: !!omap
#   - ucd: stat.error;pos.parallax
# - name: pmra
#   unit: mas / yr
#   datatype: float64
#   format: '{!r:>}'
#   description: Proper motion in right ascension direction
#   meta: !!omap
#   - ucd: pos.pm;pos.eq.ra
# - name: pmra_error
#   unit: mas / yr
#   datatype: float64
#   format: '{!r:>}'
#   description: Standard error of proper motion in right ascension direction
#   meta: !!omap
#   - ucd: stat.error;pos.pm;pos.eq.ra
# - name: pmdec
#   unit: mas / yr
#   datatype: float64
#   format: '{!r:>}'
#   description: Proper motion in declination direction
#   meta: !!omap
#   - ucd: pos.pm;pos.eq.dec
# - name: pmdec_error
#   unit: mas / yr
#   datatype: float64
#   format: '{!r:>}'
#   description: Standard error of proper motion in declination direction
#   meta: !!omap
#   - ucd: stat.error;pos.pm;pos.eq.dec
# - name: phot_g_mean_mag
#   unit: mag
#   datatype: float32
#   format: '{!r:>}'
#   description: G-band mean magnitude
#   meta: !!omap
#   - ucd: phot.mag;stat.mean;em.opt
# - name: bp_rp
#   unit: mag
#   datatype: float32
#   format: '{!r:>}'
#   description: BP - RP colour
#   meta: !!omap
#   - ucd: phot.color
# - name: bp_g
#   unit: mag
#   datatype: float32
#   format: '{!r:>}'
#   description: BP - G colour
#   meta: !!omap
#   - ucd: phot.color
# - name: g_rp
#   unit: mag
#   datatype: float32
#   format: '{!r:>}'
#   description: G - RP colour
#   meta: !!omap
#   - ucd: phot.color
# - name: phot_g_n_obs
#   datatype: int32
#   description: Number of observations contributing to G photometry
#   meta: !!omap
#   - ucd: meta.number
# - name: phot_g_mean_flux_over_error
#   datatype: float32
#   format: '{!r:>}'
#   description: G-band mean flux divided by its error
#   meta: !!omap
#   - ucd: arith.ratio
# - name: phot_g_mean_flux_error
#   unit: electron / s
#   datatype: float64
#   format: '{!r:>}'
#   description: Error on G-band mean flux
#   meta: !!omap
#   - ucd: stat.error;phot.flux;stat.mean;em.opt
# - name: phot_g_mean_flux
#   unit: electron / s
[...]
#   description: instrumental profile-fit photometry flux uncertainty in mag units,
#     band 2
#   meta: !!omap
#   - width: 5
#   - precision: '3'
# - name: w3sigmpro
#   unit: mag
#   datatype: float64
#   format: '{:5.3f}'
#   description: instrumental profile-fit photometry flux uncertainty in mag units,
#     band 3
#   meta: !!omap
#   - width: 5
#   - precision: '3'
# - name: w4sigmpro
#   unit: mag
#   datatype: float64
#   format: '{:5.3f}'
#   description: instrumental profile-fit photometry flux uncertainty in mag units,
#     band 4
#   meta: !!omap
#   - width: 5
#   - precision: '3'
# - name: w4snr
#   datatype: float64
#   format: '{:8.1f}'
#   description: instrumental profile-fit photometry S/N ratio, band 4
#   meta: !!omap
#   - width: 8
#   - precision: '1'
# - name: variability
#   unit: (n_obs / mag)^0.5
#   datatype: float64
#   description: Number of observations contributing to G photometry
#   meta: !!omap
#   - ucd: meta.number
# - name: radial_distance
#   unit: pc
#   datatype: float64
#   format: '{!r:>}'
#   description: Parallax
#   meta: !!omap
#   - ucd: pos.parallax
# schema: astropy-2.0
gaia_designation gaia_ra gaia_dec ra_error dec_error parallax parallax_error pmra pmra_error pmdec pmdec_error phot_g_mean_mag bp_rp bp_g g_rp phot_g_n_obs phot_g_mean_flux_over_error phot_g_mean_flux_error phot_g_mean_flux phot_bp_mean_mag phot_rp_mean_mag 2mass_designation 2mass_ra 2mass_dec err_maj err_min j_m h_m k_m j_cmsig h_cmsig k_cmsig k_snr allwise_designation allwise_ra allwise_dec sigra sigdec w1mpro w2mpro w3mpro w4mpro w1sigmpro w2sigmpro w3sigmpro w4sigmpro w4snr variability radial_distance
[from data line 109]
"Gaia DR2 2059895937563733120" 301.2759161586939 36.50051762462512 0.5910012207999612 0.7085118249805001 -0.3163363866414638 0.8177054280926231 -3.6352508083186255 1.110376864205574 -9.039389762684682 2.005355278770727 20.549408 1.7941799 0.5149059 1.279274 210 143.62898 0.7912991147190133 113.65348803626144 21.064314 19.270134 "" "" "" "" "" "" "" "" "" "" "" "" "" "" "" "" "" "" "" "" "" "" "" "" "" "" 1.209173457336285 -3161.1918268934446
"" "" "" "" "" "" "" "" "" "" "" "" "" "" "" "" "" "" "" "" "" 20050968+3629020 301.290368 36.483902 0.17 0.16 16.433 15.762 15.592 0.145 0.000 0.000 0.0 "" "" "" "" "" "" "" "" "" "" "" "" "" "" "" ""
"" "" "" "" "" "" "" "" "" "" "" "" "" "" "" "" "" "" "" "" "" 20050585+3629108 301.274381 36.486336 0.11 0.11 13.840 13.162 13.242 0.000 0.000 0.054 39.8 "" "" "" "" "" "" "" "" "" "" "" "" "" "" "" ""
"" "" "" "" "" "" "" "" "" "" "" "" "" "" "" "" "" "" "" "" "" 20050725+3629149 301.280230 36.487488 0.19 0.18 16.362 15.579 15.855 0.134 0.150 0.000 0.0 "" "" "" "" "" "" "" "" "" "" "" "" "" "" "" ""
"" "" "" "" "" "" "" "" "" "" "" "" "" "" "" "" "" "" "" "" "" 20050548+3629498 301.272870 36.497177 0.08 0.08 15.275 14.631 14.015 0.071 0.084 0.000 0.0 "" "" "" "" "" "" "" "" "" "" "" "" "" "" "" ""
"" "" "" "" "" "" "" "" "" "" "" "" "" "" "" "" "" "" "" "" "" 20050589+3629268 301.274552 36.490799 0.16 0.16 16.204 15.433 14.961 0.118 0.135 0.000 0.0 "" "" "" "" "" "" "" "" "" "" "" "" "" "" "" ""
"" "" "" "" "" "" "" "" "" "" "" "" "" "" "" "" "" "" "" "" "" "" "" "" "" "" "" "" "" "" "" "" "" J200506.24+362843.4 301.2760122 36.4787280 0.0734 0.0749 13.743 13.874 11.776 9.171 0.035 0.043 0.000 0.000 0.6 "" ""
"" "" "" "" "" "" "" "" "" "" "" "" "" "" "" "" "" "" "" "" "" "" "" "" "" "" "" "" "" "" "" "" "" J200506.79+362850.2 301.2783125 36.4806151 0.0652 0.0634 13.494 13.627 12.689 8.929 0.032 0.035 0.000 0.000 0.6 "" ""
"" "" "" "" "" "" "" "" "" "" "" "" "" "" "" "" "" "" "" "" "" "" "" "" "" "" "" "" "" "" "" "" "" J200505.83+363002.7 301.2743031 36.5007598 0.0623 0.0616 13.226 13.295 11.941 8.865 0.032 0.033 0.000 0.000 1.7 "" ""
"" "" "" "" "" "" "" "" "" "" "" "" "" "" "" "" "" "" "" "" "" "" "" "" "" "" "" "" "" "" "" "" "" J200502.76+362934.1 301.2615291 36.4928297 0.0636 0.0630 13.085 13.163 11.138 8.682 0.032 0.034 0.000 0.000 1.7 "" ""
"" "" "" "" "" "" "" "" "" "" "" "" "" "" "" "" "" "" "" "" "" "" "" "" "" "" "" "" "" "" "" "" "" J200507.23+362839.1 301.2801561 36.4775331 0.0555 0.0549 14.029 14.300 12.652 9.445 0.026 0.038 0.000 0.000 -3.1 "" ""
"" "" "" "" "" "" "" "" "" "" "" "" "" "" "" "" "" "" "" "" "" "" "" "" "" "" "" "" "" "" "" "" "" J200508.25+362828.9 301.2843988 36.4746998 0.0417 0.0394 11.515 11.634 11.659 9.306 0.024 0.022 0.232 0.000 -1.4 "" ""
"" "" "" "" "" "" "" "" "" "" "" "" "" "" "" "" "" "" "" "" "" "" "" "" "" "" "" "" "" "" "" "" "" J200505.98+362913.0 301.2749176 36.4869483 0.0408 0.0399 11.791 10.931 8.900 6.528 0.026 0.022 0.039 0.058 18.7 "" ""
"" "" "" "" "" "" "" "" "" "" "" "" "" "" "" "" "" "" "" "" "" "" "" "" "" "" "" "" "" "" "" "" "" J200502.63+362901.9 301.2609836 36.4838733 0.1002 0.1035 13.936 14.087 11.482 9.321 0.049 0.048 0.413 0.493 2.2 "" ""
